Laser Data
-90	0
-89.6484	0
-89.2969	0
-88.9453	0
-88.5938	0
-88.2422	0
-87.8906	0
-87.5391	0
-87.1875	0
-86.8359	0
-86.4844	0
-86.1328	0
-85.7813	0
-85.4297	0
-85.0781	0
-84.7266	0
-84.375	0
-84.0234	0
-83.6719	0
-83.3203	0
-82.9688	0
-82.6172	0
-82.2656	0
-81.9141	0
-81.5625	0
-81.2109	0
-80.8594	0
-80.5078	0
-80.1563	0
-79.8047	0
-79.4531	0
-79.1016	0
-78.75	0
-78.3984	0
-78.0469	0
-77.6953	0
-77.3438	0
-76.9922	0
-76.6406	0
-76.2891	0
-75.9375	0
-75.5859	0
-75.2344	0
-74.8828	0
-74.5313	0
-74.1797	0
-73.8281	0
-73.4766	0
-73.125	0
-72.7734	0
-72.4219	0
-72.0703	0
-71.7188	0
-71.3672	0
-71.0156	0
-70.6641	0
-70.3125	0
-69.9609	0
-69.6094	0
-69.2578	0
-68.9063	0
-68.5547	0
-68.2031	0
-67.8516	0
-67.5	0
-67.1484	0
-66.7969	0
-66.4453	0
-66.0938	0
-65.7422	0
-65.3906	0
-65.0391	20.1438
-64.6875	19.8758
-64.3359	19.6156
-63.9844	19.3629
-63.6328	19.1173
-63.2813	18.8785
-62.9297	18.6463
-62.5781	18.4205
-62.2266	18.2007
-61.875	17.9868
-61.5234	17.7785
-61.1719	17.5757
-60.8203	17.3781
-60.4688	17.1855
-60.1172	16.9977
-59.7656	16.8147
-59.4141	16.6361
-59.0625	16.4619
-58.7109	16.292
-58.3594	16.1261
-58.0078	15.9642
-57.6563	15.806
-57.3047	15.6516
-56.9531	15.5007
-56.6016	15.3533
-56.25	15.2092
-55.8984	15.0683
-55.5469	14.9306
-55.1953	14.796
-54.8438	14.6643
-54.4922	14.5355
-54.1406	14.4094
-53.7891	14.286
-53.4375	14.1653
-53.0859	14.0471
-52.7344	13.9314
-52.3828	13.8181
-52.0313	13.7072
-51.6797	13.5985
-51.3281	13.492
-50.9766	13.3877
-50.625	13.2855
-50.2734	13.1853
-49.9219	13.0871
-49.5703	12.9909
-49.2188	12.8965
-48.8672	12.804
-48.5156	12.7133
-48.1641	12.6243
-47.8125	12.537
-47.4609	12.4514
-47.1094	12.3674
-46.7578	12.285
-46.4063	12.2041
-46.0547	12.1248
-45.7031	12.0469
-45.3516	11.9705
-45	11.8955
-44.6484	11.8218
-44.2969	11.7495
-43.9453	11.6786
-43.5938	11.6089
-43.2422	11.5404
-42.8906	11.4732
-42.5391	11.4072
-42.1875	11.3424
-41.8359	11.2788
-41.4844	11.2162
-41.1328	11.1548
-40.7813	11.0945
-40.4297	11.0352
-40.0781	10.9769
-39.7266	10.9197
-39.375	10.8635
-39.0234	10.8083
-38.6719	10.754
-38.3203	10.7007
-37.9688	10.6483
-37.6172	10.5968
-37.2656	10.5462
-36.9141	10.4964
-36.5625	10.4475
-36.2109	10.3995
-35.8594	10.3523
-35.5078	10.3059
-35.1563	10.2603
-34.8047	10.2155
-34.4531	10.1715
-34.1016	10.1282
-33.75	10.0857
-33.3984	10.0439
-33.0469	10.0028
-32.6953	9.9624
-32.3438	9.92273
-31.9922	9.88373
-31.6406	9.84542
-31.2891	9.80777
-30.9375	9.77076
-30.5859	9.73441
-30.2344	9.69868
-29.8828	9.66359
-29.5313	9.6291
-29.1797	9.59522
-28.8281	9.56193
-28.4766	9.52924
-28.125	9.49712
-27.7734	9.46557
-27.4219	9.43459
-27.0703	9.40416
-26.7188	9.37428
-26.3672	9.34494
-26.0156	9.31613
-25.6641	9.28785
-25.3125	9.26008
-24.9609	9.23283
-24.6094	9.20609
-24.2578	9.17984
-23.9063	9.15409
-23.5547	9.12872
-23.2031	9.10393
-22.8516	9.07962
-22.5	9.05577
-22.1484	9.0324
-21.7969	9.00948
-21.4453	8.98702
-21.0938	8.965
-20.7422	8.94343
-20.3906	8.92239
-20.0391	8.90169
-19.6875	8.88142
-19.3359	8.86158
-18.9844	8.84215
-18.6328	8.82314
-18.2813	8.80454
-17.9297	8.78636
-17.5781	8.76857
-17.2266	8.75119
-16.875	8.7342
-16.5234	8.71761
-16.1719	8.7014
-15.8203	8.68559
-15.4688	8.67016
-15.1172	8.6551
-14.7656	8.64043
-14.4141	8.62612
-14.0625	8.61219
-13.7109	8.59863
-13.3594	8.58543
-13.0078	8.5726
-12.6563	8.56012
-12.3047	8.548
-11.9531	8.53624
-11.6016	8.52483
-11.25	8.51377
-10.8984	8.50306
-10.5469	8.4927
-10.1953	8.48268
-9.84375	8.473
-9.49219	8.46366
-9.14063	8.45466
-8.78906	8.446
-8.4375	8.43767
-8.08594	8.42968
-7.73438	8.42202
-7.38281	8.41469
-7.03125	8.40769
-6.67969	8.40101
-6.32813	8.39466
-5.97656	8.38864
-5.625	8.38294
-5.27344	8.37756
-4.92188	8.37251
-4.57031	8.36778
-4.21875	8.36337
-3.86719	8.35927
-3.51563	8.35549
-3.16406	8.35204
-2.8125	8.3489
-2.46094	8.34607
-2.10938	8.34356
-1.75781	8.34137
-1.40625	8.33949
-1.05469	8.33793
-0.703125	8.33668
-0.351563	8.33575
0	8.33513
0.351563	8.33482
0.703125	8.33483
1.05469	8.33515
1.40625	8.33578
1.75781	8.33673
2.10938	8.33799
2.46094	8.33957
2.8125	8.34146
3.16406	8.34367
3.51563	8.3462
3.86719	8.34903
4.21875	8.35218
4.57031	8.35566
4.92188	8.35945
5.27344	8.36355
5.625	8.36798
5.97656	8.37273
6.32813	8.3778
6.67969	8.38319
7.03125	8.3889
7.38281	8.39494
7.73438	8.4013
8.08594	8.408
8.4375	8.41501
8.78906	3.3833
9.14063	3.38638
9.49219	3.3896
9.84375	8.44639
10.1953	8.45506
10.5469	8.46408
10.8984	8.47343
11.25	2.5652
11.6016	2.56413
11.9531	2.56726
12.3047	2.5705
12.6563	8.52534
13.0078	8.53677
13.3594	8.54854
13.7109	8.56068
14.0625	8.57317
14.4141	8.58602
14.7656	8.59923
15.1172	8.61281
15.4688	8.62676
15.8203	8.64108
16.1719	8.65577
16.5234	8.67085
16.875	8.68629
17.2266	8.70213
17.5781	8.71835
17.9297	8.73496
18.2813	8.75196
18.6328	8.76937
18.9844	8.78717
19.3359	8.80538
19.6875	8.82399
20.0391	8.84302
20.3906	8.86246
20.7422	8.88233
21.0938	8.90262
21.4453	8.92334
21.7969	3.61826
22.1484	3.60172
22.5	3.61057
22.8516	9.01061
23.2031	9.03355
23.5547	9.05695
23.9063	9.08081
24.2578	9.10515
24.6094	9.12995
24.9609	9.15524
25.3125	9.18101
25.6641	9.20729
26.0156	9.23406
26.3672	9.26133
26.7188	9.28911
27.0703	9.31742
27.4219	9.34625
27.7734	2.86725
28.125	2.83958
28.4766	2.84878
28.8281	2.85814
29.1797	9.49856
29.5313	9.5307
29.8828	9.56343
30.2344	9.59673
30.5859	9.63064
30.9375	9.66516
31.2891	9.70028
31.6406	9.73604
31.9922	9.77242
32.3438	9.80945
32.6953	9.84713
33.0469	9.88548
33.3984	9.9245
33.75	9.96421
34.1016	10.0046
34.4531	10.0457
34.8047	10.0876
35.1563	10.1301
35.5078	10.1735
35.8594	10.2175
36.2109	10.2623
36.5625	10.3079
36.9141	10.3544
37.2656	10.4016
37.6172	10.4497
37.9688	10.4986
38.3203	10.5484
38.6719	10.5991
39.0234	10.6506
39.375	10.703
39.7266	10.7564
40.0781	10.8107
40.4297	10.866
40.7813	10.9223
41.1328	10.9796
41.4844	11.0378
41.8359	11.0972
42.1875	11.1576
42.5391	11.219
42.8906	11.2816
43.2422	11.3453
43.5938	11.4102
43.9453	11.4763
44.2969	11.5435
44.6484	11.612
45	11.6818
45.3516	11.7528
45.7031	11.8251
46.0547	11.8989
46.4063	11.9739
46.7578	12.0504
47.1094	12.1284
47.4609	12.2078
47.8125	12.2887
48.1641	12.3712
48.5156	12.4552
48.8672	12.5409
49.2188	12.6283
49.5703	12.7173
49.9219	12.8081
50.2734	12.9007
50.625	12.9952
50.9766	13.0915
51.3281	13.1898
51.6797	13.2901
52.0313	13.3924
52.3828	13.4968
52.7344	13.6034
53.0859	13.7121
53.4375	13.8232
53.7891	13.9366
54.1406	14.0524
54.4922	14.1707
54.8438	14.2916
55.1953	14.415
55.5469	14.5412
55.8984	14.6702
56.25	14.802
56.6016	14.9368
56.9531	15.0746
57.3047	15.2156
57.6563	15.3599
58.0078	15.5074
58.3594	15.6585
58.7109	15.8131
59.0625	15.9714
59.4141	16.1335
59.7656	16.2996
60.1172	16.4697
60.4688	16.6441
60.8203	16.8228
61.1719	17.0061
61.5234	17.1941
61.875	17.3869
62.2266	17.5847
62.5781	17.7878
62.9297	17.9964
63.2813	18.2105
63.6328	18.4306
63.9844	18.6567
64.3359	18.8892
64.6875	19.1282
65.0391	19.3742
65.3906	19.6272
65.7422	19.8878
66.0938	20.1561
66.4453	0
66.7969	0
67.1484	0
67.5	0
67.8516	0
68.2031	0
68.5547	0
68.9063	0
69.2578	0
69.6094	0
69.9609	0
70.3125	0
70.6641	0
71.0156	0
71.3672	0
71.7188	0
72.0703	0
72.4219	0
72.7734	0
73.125	0
73.4766	0
73.8281	0
74.1797	0
74.5313	0
74.8828	0
75.2344	0
75.5859	0
75.9375	0
76.2891	0
76.6406	0
76.9922	0
77.3438	0
77.6953	0
78.0469	0
78.3984	0
78.75	0
79.1016	0
79.4531	0
79.8047	0
80.1563	0
80.5078	0
80.8594	0
81.2109	0
81.5625	0
81.9141	0
82.2656	0
82.6172	0
82.9688	0
83.3203	0
83.6719	0
84.0234	0
84.375	0
84.7266	0
85.0781	0
85.4297	0
85.7813	0
86.1328	0
86.4844	0
86.8359	0
87.1875	0
87.5391	0
87.8906	0
88.2422	0
88.5938	0
88.9453	0
89.2969	0
89.6484	0
90	0
Laser Data
-90	0
-89.6484	0
-89.2969	0
-88.9453	0
-88.5938	0
-88.2422	0
-87.8906	0
-87.5391	0
-87.1875	0
-86.8359	0
-86.4844	0
-86.1328	0
-85.7813	0
-85.4297	0
-85.0781	0
-84.7266	0
-84.375	0
-84.0234	0
-83.6719	0
-83.3203	0
-82.9688	0
-82.6172	0
-82.2656	0
-81.9141	0
-81.5625	0
-81.2109	0
-80.8594	0
-80.5078	0
-80.1563	0
-79.8047	0
-79.4531	0
-79.1016	0
-78.75	0
-78.3984	0
-78.0469	0
-77.6953	0
-77.3438	0
-76.9922	0
-76.6406	0
-76.2891	0
-75.9375	0
-75.5859	0
-75.2344	0
-74.8828	0
-74.5313	0
-74.1797	0
-73.8281	0
-73.4766	0
-73.125	0
-72.7734	0
-72.4219	0
-72.0703	0
-71.7188	0
-71.3672	0
-71.0156	0
-70.6641	0
-70.3125	0
-69.9609	0
-69.6094	0
-69.2578	0
-68.9063	0
-68.5547	0
-68.2031	0
-67.8516	0
-67.5	0
-67.1484	0
-66.7969	0
-66.4453	0
-66.0938	0
-65.7422	0
-65.3906	0
-65.0391	20.1729
-64.6875	19.9042
-64.3359	19.6433
-63.9844	19.3898
-63.6328	19.1435
-63.2813	18.9041
-62.9297	18.6713
-62.5781	18.4448
-62.2266	18.2244
-61.875	18.01
-61.5234	17.8012
-61.1719	17.5978
-60.8203	17.3996
-60.4688	17.2065
-60.1172	17.0183
-59.7656	16.8348
-59.4141	16.6558
-59.0625	16.4812
-58.7109	16.3108
-58.3594	16.1446
-58.0078	15.9822
-57.6563	15.8237
-57.3047	15.6689
-56.9531	15.5177
-56.6016	15.3699
-56.25	15.2255
-55.8984	15.0843
-55.5469	14.9463
-55.1953	14.8114
-54.8438	14.6794
-54.4922	14.5503
-54.1406	14.4239
-53.7891	14.3003
-53.4375	14.1793
-53.0859	14.0609
-52.7344	13.9449
-52.3828	13.8314
-52.0313	13.7202
-51.6797	13.6113
-51.3281	13.5046
-50.9766	13.4001
-50.625	13.2977
-50.2734	13.1973
-49.9219	13.0989
-49.5703	13.0024
-49.2188	12.9079
-48.8672	12.8152
-48.5156	12.7243
-48.1641	12.6351
-47.8125	12.5477
-47.4609	12.4619
-47.1094	12.3777
-46.7578	12.2952
-46.4063	12.2142
-46.0547	12.1347
-45.7031	12.0566
-45.3516	11.9801
-45	11.9049
-44.6484	11.8311
-44.2969	11.7587
-43.9453	11.6876
-43.5938	11.6178
-43.2422	11.5492
-42.8906	11.4819
-42.5391	11.4157
-42.1875	11.3508
-41.8359	11.287
-41.4844	11.2244
-41.1328	11.1628
-40.7813	11.1024
-40.4297	11.043
-40.0781	10.9846
-39.7266	10.9273
-39.375	10.871
-39.0234	10.8157
-38.6719	10.7613
-38.3203	10.7079
-37.9688	10.6554
-37.6172	10.6038
-37.2656	10.5531
-36.9141	10.5033
-36.5625	10.4543
-36.2109	10.4062
-35.8594	10.3589
-35.5078	10.3124
-35.1563	10.2667
-34.8047	10.2219
-34.4531	10.1777
-34.1016	10.1344
-33.75	10.0918
-33.3984	10.0499
-33.0469	10.0087
-32.6953	9.96829
-32.3438	9.92854
-31.9922	9.88947
-31.6406	9.85109
-31.2891	9.81336
-30.9375	9.77631
-30.5859	9.73988
-30.2344	9.70409
-29.8828	9.66892
-29.5313	9.63438
-29.1797	9.60043
-28.8281	9.56709
-28.4766	9.53434
-28.125	9.50215
-27.7734	9.47055
-27.4219	9.43951
-27.0703	9.40903
-26.7188	9.37909
-26.3672	9.3497
-26.0156	9.32084
-25.6641	9.29249
-25.3125	9.26468
-24.9609	9.23738
-24.6094	9.21058
-24.2578	9.18428
-23.9063	9.15847
-23.5547	9.13316
-23.2031	9.10822
-22.8516	9.08386
-22.5	9.05998
-22.1484	9.03655
-21.7969	9.01358
-21.4453	8.99107
-21.0938	8.96901
-20.7422	8.9474
-20.3906	8.92632
-20.0391	8.90558
-19.6875	8.88526
-19.3359	8.86537
-18.9844	8.8459
-18.6328	8.82685
-18.2813	8.80822
-17.9297	8.78999
-17.5781	8.77216
-17.2266	8.75474
-16.875	8.73771
-16.5234	8.72108
-16.1719	8.70484
-15.8203	8.68898
-15.4688	8.67351
-15.1172	8.65842
-14.7656	8.64371
-14.4141	8.62937
-14.0625	8.6154
-13.7109	8.6018
-13.3594	8.58857
-13.0078	8.57569
-12.6563	8.56319
-12.3047	8.55103
-11.9531	8.53924
-11.6016	8.52779
-11.25	8.5167
-10.8984	8.50595
-10.5469	8.49556
-10.1953	8.4855
-9.84375	8.47579
-9.49219	8.46642
-9.14063	8.45739
-8.78906	2.3747
-8.4375	2.37235
-8.08594	2.37009
-7.73438	2.37654
-7.38281	8.41725
-7.03125	8.41022
-6.67969	8.40352
-6.32813	3.19804
-5.97656	3.19573
-5.625	3.19355
-5.27344	8.37995
-4.92188	8.37487
-4.57031	8.3701
-4.21875	8.36566
-3.86719	8.36153
-3.51563	8.35773
-3.16406	8.35424
-2.8125	8.35107
-2.46094	8.34822
-2.10938	8.34568
-1.75781	8.34346
-1.40625	8.34155
-1.05469	8.33996
-0.703125	8.33869
-0.351563	8.33772
0	8.33707
0.351563	8.33673
0.703125	8.33671
1.05469	8.33701
1.40625	8.33762
1.75781	8.33853
2.10938	8.33977
2.46094	8.34132
2.8125	8.34318
3.16406	8.34537
3.51563	8.34785
3.86719	8.35067
4.21875	8.3538
4.57031	8.35724
4.92188	8.361
5.27344	8.36508
5.625	8.36948
5.97656	8.3742
6.32813	8.37924
6.67969	8.38461
7.03125	8.39029
7.38281	8.3963
7.73438	8.40264
8.08594	8.4093
8.4375	3.20533
8.78906	3.20812
9.14063	3.21104
9.49219	8.43924
9.84375	8.44755
10.1953	8.4562
10.5469	8.46518
10.8984	8.47451
11.25	2.38467
11.6016	2.38748
11.9531	2.39039
12.3047	2.3934
12.6563	8.52627
13.0078	8.53767
13.3594	8.54942
13.7109	8.56152
14.0625	8.57399
14.4141	8.58681
14.7656	8.59999
15.1172	8.61355
15.4688	8.62746
15.8203	8.64175
16.1719	8.65641
16.5234	8.67145
16.875	8.68687
17.2266	8.70267
17.5781	8.71886
17.9297	8.73544
18.2813	8.75242
18.6328	8.76979
18.9844	8.78755
19.3359	8.80573
19.6875	8.82431
20.0391	8.84331
20.3906	8.86272
20.7422	8.88255
21.0938	8.90281
21.4453	8.92349
21.7969	8.94461
22.1484	8.96617
22.5	8.98817
22.8516	9.01062
23.2031	9.03352
23.5547	9.05689
23.9063	9.08071
24.2578	9.10501
24.6094	9.12978
24.9609	9.15503
25.3125	9.18077
25.6641	9.207
26.0156	9.23373
26.3672	9.26097
26.7188	9.28871
27.0703	9.31698
27.4219	9.34577
27.7734	9.37509
28.125	9.40495
28.4766	9.43536
28.8281	9.46633
29.1797	9.49786
29.5313	9.52996
29.8828	9.56264
30.2344	9.5959
30.5859	9.62976
30.9375	9.66423
31.2891	9.69931
31.6406	9.73501
31.9922	9.77135
32.3438	9.80833
32.6953	9.84596
33.0469	9.88425
33.3984	9.92323
33.75	9.96288
34.1016	10.0032
34.4531	10.0443
34.8047	10.0861
35.1563	10.1286
35.5078	10.1718
35.8594	10.2159
36.2109	10.2606
36.5625	10.3062
36.9141	10.3525
37.2656	10.3997
37.6172	10.4477
37.9688	10.4966
38.3203	10.5463
38.6719	10.5969
39.0234	10.6484
39.375	10.7007
39.7266	10.754
40.0781	10.8083
40.4297	10.8635
40.7813	10.9197
41.1328	10.9769
41.4844	11.0351
41.8359	11.0943
42.1875	11.1546
42.5391	11.216
42.8906	11.2785
43.2422	11.3421
43.5938	11.4069
43.9453	11.4729
44.2969	11.54
44.6484	11.6084
45	11.6781
45.3516	11.749
45.7031	11.8213
46.0547	11.8949
46.4063	11.9698
46.7578	12.0462
47.1094	12.124
47.4609	12.2033
47.8125	12.2841
48.1641	12.3665
48.5156	12.4504
48.8672	12.536
49.2188	12.6232
49.5703	12.7121
49.9219	12.8028
50.2734	12.8953
50.625	12.9896
50.9766	13.0858
51.3281	13.1839
51.6797	13.284
52.0313	13.3861
52.3828	13.4904
52.7344	13.5968
53.0859	13.7054
53.4375	13.8162
53.7891	13.9295
54.1406	14.0451
54.4922	14.1632
54.8438	14.2838
55.1953	14.4071
55.5469	14.5331
55.8984	14.6618
56.25	14.7934
56.6016	14.9279
56.9531	15.0655
57.3047	15.2063
57.6563	15.3502
58.0078	15.4975
58.3594	15.6483
58.7109	15.8026
59.0625	15.9606
59.4141	16.1224
59.7656	16.2882
60.1172	16.458
60.4688	16.632
60.8203	16.8104
61.1719	16.9933
61.5234	17.1809
61.875	17.3733
62.2266	17.5707
62.5781	17.7734
62.9297	17.9815
63.2813	18.1952
63.6328	18.4147
63.9844	18.6403
64.3359	18.8723
64.6875	19.1108
65.0391	19.3561
65.3906	19.6086
65.7422	19.8685
66.0938	20.1362
66.4453	0
66.7969	0
67.1484	0
67.5	0
67.8516	0
68.2031	0
68.5547	0
68.9063	0
69.2578	0
69.6094	0
69.9609	0
70.3125	0
70.6641	0
71.0156	0
71.3672	0
71.7188	0
72.0703	0
72.4219	0
72.7734	0
73.125	0
73.4766	0
73.8281	0
74.1797	0
74.5313	0
74.8828	0
75.2344	0
75.5859	0
75.9375	0
76.2891	0
76.6406	0
76.9922	0
77.3438	0
77.6953	0
78.0469	0
78.3984	0
78.75	0
79.1016	0
79.4531	0
79.8047	0
80.1563	0
80.5078	0
80.8594	0
81.2109	0
81.5625	0
81.9141	0
82.2656	0
82.6172	0
82.9688	0
83.3203	0
83.6719	0
84.0234	0
84.375	0
84.7266	0
85.0781	0
85.4297	0
85.7813	0
86.1328	0
86.4844	0
86.8359	0
87.1875	0
87.5391	0
87.8906	0
88.2422	0
88.5938	0
88.9453	0
89.2969	0
89.6484	0
90	0
Laser Data
-90	0
-89.6484	0
-89.2969	0
-88.9453	0
-88.5938	0
-88.2422	0
-87.8906	0
-87.5391	0
-87.1875	0
-86.8359	0
-86.4844	0
-86.1328	0
-85.7813	0
-85.4297	0
-85.0781	0
-84.7266	0
-84.375	0
-84.0234	0
-83.6719	0
-83.3203	0
-82.9688	0
-82.6172	0
-82.2656	0
-81.9141	0
-81.5625	0
-81.2109	0
-80.8594	0
-80.5078	0
-80.1563	0
-79.8047	0
-79.4531	0
-79.1016	0
-78.75	0
-78.3984	0
-78.0469	0
-77.6953	0
-77.3438	0
-76.9922	0
-76.6406	0
-76.2891	0
-75.9375	0
-75.5859	0
-75.2344	0
-74.8828	0
-74.5313	0
-74.1797	0
-73.8281	0
-73.4766	0
-73.125	0
-72.7734	0
-72.4219	0
-72.0703	0
-71.7188	0
-71.3672	0
-71.0156	0
-70.6641	0
-70.3125	0
-69.9609	0
-69.6094	0
-69.2578	0
-68.9063	0
-68.5547	0
-68.2031	0
-67.8516	0
-67.5	0
-67.1484	0
-66.7969	0
-66.4453	0
-66.0938	0
-65.7422	0
-65.3906	0
-65.0391	0
-64.6875	19.9351
-64.3359	19.6734
-63.9844	19.4191
-63.6328	19.172
-63.2813	18.9319
-62.9297	18.6984
-62.5781	18.4712
-62.2266	18.2502
-61.875	18.0351
-61.5234	17.8257
-61.1719	17.6217
-60.8203	17.423
-60.4688	17.2294
-60.1172	17.0407
-59.7656	16.8566
-59.4141	16.6772
-59.0625	16.5021
-58.7109	16.3313
-58.3594	16.1645
-58.0078	16.0018
-57.6563	15.8429
-57.3047	15.6876
-56.9531	15.536
-56.6016	15.3879
-56.25	15.2431
-55.8984	15.1016
-55.5469	14.9632
-55.1953	14.8279
-54.8438	14.6956
-54.4922	14.5662
-54.1406	14.4396
-53.7891	14.3157
-53.4375	14.1944
-53.0859	14.0757
-52.7344	13.9594
-52.3828	13.8456
-52.0313	13.7342
-51.6797	13.625
-51.3281	13.5181
-50.9766	13.4133
-50.625	13.3107
-50.2734	13.2101
-49.9219	13.1114
-49.5703	13.0148
-49.2188	12.92
-48.8672	12.8271
-48.5156	12.736
-48.1641	12.6467
-47.8125	12.559
-47.4609	12.4731
-47.1094	12.3887
-46.7578	12.306
-46.4063	12.2248
-46.0547	12.1451
-45.7031	12.067
-45.3516	11.9902
-45	11.9149
-44.6484	11.841
-44.2969	11.7684
-43.9453	11.6971
-43.5938	11.6272
-43.2422	11.5585
-42.8906	11.491
-42.5391	11.4247
-42.1875	11.3597
-41.8359	11.2958
-41.4844	11.233
-41.1328	11.1713
-40.7813	11.1107
-40.4297	11.0512
-40.0781	10.9928
-39.7266	10.9353
-39.375	10.8789
-39.0234	10.8235
-38.6719	10.769
-38.3203	10.7155
-37.9688	10.6628
-37.6172	10.6112
-37.2656	2.43153
-36.9141	2.42004
-36.5625	2.40874
-36.2109	2.40837
-35.8594	2.42833
-35.5078	10.3192
-35.1563	10.2734
-34.8047	10.2285
-34.4531	10.1843
-34.1016	10.1408
-33.75	10.0981
-33.3984	10.0562
-33.0469	10.0149
-32.6953	9.97441
-32.3438	9.93458
-31.9922	9.89544
-31.6406	9.85698
-31.2891	9.81918
-30.9375	9.78204
-30.5859	9.74555
-30.2344	9.70969
-29.8828	9.67445
-29.5313	9.63983
-29.1797	9.60583
-28.8281	9.57242
-28.4766	9.53959
-28.125	9.50735
-27.7734	3.12704
-27.4219	3.11677
-27.0703	3.10785
-26.7188	3.14473
-26.3672	9.35458
-26.0156	9.32565
-25.6641	9.29726
-25.3125	9.26938
-24.9609	9.24202
-24.6094	9.21517
-24.2578	9.18881
-23.9063	9.16295
-23.5547	9.13759
-23.2031	9.11259
-22.8516	9.08818
-22.5	9.06424
-22.1484	9.04077
-21.7969	9.01775
-21.4453	8.99519
-21.0938	8.97308
-20.7422	8.95141
-20.3906	8.93028
-20.0391	8.90949
-19.6875	8.88913
-19.3359	8.86919
-18.9844	8.84968
-18.6328	8.83059
-18.2813	2.02896
-17.9297	2.02475
-17.5781	2.02063
-17.2266	2.01661
-16.875	2.0235
-16.5234	2.0638
-16.1719	8.70826
-15.8203	8.69236
-15.4688	8.67685
-15.1172	8.66172
-14.7656	8.64696
-14.4141	8.63258
-14.0625	8.61858
-13.7109	8.60494
-13.3594	8.59166
-13.0078	8.57875
-12.6563	2.82691
-12.3047	2.82288
-11.9531	2.81898
-11.6016	8.53069
-11.25	8.51956
-10.8984	8.50878
-10.5469	8.49835
-10.1953	8.48826
-9.84375	8.47851
-9.49219	8.4691
-9.14063	8.46004
-8.78906	8.4513
-8.4375	8.44291
-8.08594	8.43485
-7.73438	8.42712
-7.38281	8.41972
-7.03125	8.41266
-6.67969	8.40592
-6.32813	8.39951
-5.97656	8.39341
-5.625	8.38766
-5.27344	8.38221
-4.92188	8.37709
-4.57031	8.3723
-4.21875	8.36782
-3.86719	8.36367
-3.51563	8.35983
-3.16406	8.35631
-2.8125	8.35311
-2.46094	8.35021
-2.10938	8.34765
-1.75781	8.34539
-1.40625	8.34345
-1.05469	8.34183
-0.703125	8.34052
-0.351563	8.33953
0	8.33885
0.351563	8.33848
0.703125	8.33842
1.05469	8.33869
1.40625	8.33926
1.75781	8.34015
2.10938	8.34135
2.46094	8.34287
2.8125	8.34471
3.16406	8.34685
3.51563	8.34931
3.86719	8.35209
4.21875	8.35519
4.57031	8.35861
4.92188	8.36234
5.27344	8.36638
5.625	8.37076
5.97656	8.37544
6.32813	8.38045
6.67969	8.38578
7.03125	8.39144
7.38281	8.39741
7.73438	8.40372
8.08594	8.41035
8.4375	8.4173
8.78906	8.42459
9.14063	8.43221
9.49219	8.44015
9.84375	8.44844
10.1953	8.45705
10.5469	8.46601
10.8984	8.4753
11.25	8.48493
11.6016	8.4949
11.9531	8.50522
12.3047	8.51589
12.6563	8.5269
13.0078	8.53826
13.3594	8.54998
13.7109	8.56205
14.0625	8.57447
14.4141	8.58727
14.7656	8.60042
15.1172	8.61393
15.4688	8.62782
15.8203	8.64207
16.1719	8.6567
16.5234	8.6717
16.875	8.68709
17.2266	8.70286
17.5781	8.71901
17.9297	8.73555
18.2813	8.75249
18.6328	8.76982
18.9844	8.78755
19.3359	8.80569
19.6875	8.82423
20.0391	8.84319
20.3906	8.86257
20.7422	8.88236
21.0938	8.90258
21.4453	8.92322
21.7969	8.9443
22.1484	8.96582
22.5	8.98778
22.8516	9.01019
23.2031	9.03305
23.5547	9.05637
23.9063	9.08016
24.2578	9.10441
24.6094	9.12914
24.9609	9.15435
25.3125	9.18004
25.6641	9.20622
26.0156	9.23291
26.3672	9.2601
26.7188	9.2878
27.0703	9.31602
27.4219	9.34476
27.7734	9.37404
28.125	9.40385
28.4766	9.43421
28.8281	9.46512
29.1797	9.4966
29.5313	9.52865
29.8828	9.56128
30.2344	9.59449
30.5859	9.6283
30.9375	9.66271
31.2891	9.69773
31.6406	9.73338
31.9922	9.76966
32.3438	9.80658
32.6953	9.84416
33.0469	9.8824
33.3984	9.9213
33.75	9.9609
34.1016	10.0012
34.4531	10.0422
34.8047	10.0839
35.1563	10.1263
35.5078	10.1695
35.8594	10.2135
36.2109	10.2581
36.5625	10.3036
36.9141	10.3499
37.2656	10.397
37.6172	10.445
37.9688	10.4937
38.3203	10.5434
38.6719	10.5939
39.0234	10.6453
39.375	10.6976
39.7266	10.7508
40.0781	10.805
40.4297	10.8601
40.7813	10.9162
41.1328	10.9733
41.4844	11.0314
41.8359	11.0906
42.1875	11.1508
42.5391	11.2121
42.8906	11.2745
43.2422	11.338
43.5938	11.4027
43.9453	11.4685
44.2969	11.5356
44.6484	11.6038
45	11.6734
45.3516	11.7442
45.7031	11.8163
46.0547	11.8898
46.4063	11.9647
46.7578	12.0409
47.1094	12.1186
47.4609	12.1978
47.8125	12.2784
48.1641	12.3606
48.5156	12.4444
48.8672	12.5298
49.2188	12.6169
49.5703	12.7057
49.9219	12.7962
50.2734	12.8885
50.625	12.9826
50.9766	13.0786
51.3281	13.1766
51.6797	13.2765
52.0313	13.3785
52.3828	13.4825
52.7344	13.5887
53.0859	13.6971
53.4375	13.8078
53.7891	13.9208
54.1406	14.0362
54.4922	14.154
54.8438	14.2745
55.1953	14.3975
55.5469	14.5232
55.8984	14.6517
56.25	14.783
56.6016	14.9173
56.9531	15.0546
57.3047	15.195
57.6563	15.3387
58.0078	15.4857
58.3594	15.6361
58.7109	15.7901
59.0625	15.9478
59.4141	16.1092
59.7656	16.2746
60.1172	16.444
60.4688	16.6176
60.8203	16.7956
61.1719	16.9781
61.5234	17.1652
61.875	17.3572
62.2266	17.5541
62.5781	17.7563
62.9297	17.9639
63.2813	18.177
63.6328	18.396
63.9844	18.6211
64.3359	18.8524
64.6875	19.0903
65.0391	19.335
65.3906	19.5868
65.7422	19.846
66.0938	20.1129
66.4453	0
66.7969	0
67.1484	0
67.5	0
67.8516	0
68.2031	0
68.5547	0
68.9063	0
69.2578	0
69.6094	0
69.9609	0
70.3125	0
70.6641	0
71.0156	0
71.3672	0
71.7188	0
72.0703	0
72.4219	0
72.7734	0
73.125	0
73.4766	0
73.8281	0
74.1797	0
74.5313	0
74.8828	0
75.2344	0
75.5859	0
75.9375	0
76.2891	0
76.6406	0
76.9922	0
77.3438	0
77.6953	0
78.0469	0
78.3984	0
78.75	0
79.1016	0
79.4531	0
79.8047	0
80.1563	0
80.5078	0
80.8594	0
81.2109	0
81.5625	0
81.9141	0
82.2656	0
82.6172	0
82.9688	0
83.3203	0
83.6719	0
84.0234	0
84.375	0
84.7266	0
85.0781	0
85.4297	0
85.7813	0
86.1328	0
86.4844	0
86.8359	0
87.1875	0
87.5391	0
87.8906	0
88.2422	0
88.5938	0
88.9453	0
89.2969	0
89.6484	0
90	0
Laser Data
-90	0
-89.6484	0
-89.2969	0
-88.9453	0
-88.5938	0
-88.2422	0
-87.8906	0
-87.5391	0
-87.1875	0
-86.8359	0
-86.4844	0
-86.1328	0
-85.7813	0
-85.4297	0
-85.0781	0
-84.7266	0
-84.375	0
-84.0234	0
-83.6719	0
-83.3203	0
-82.9688	0
-82.6172	0
-82.2656	0
-81.9141	0
-81.5625	0
-81.2109	0
-80.8594	0
-80.5078	0
-80.1563	0
-79.8047	0
-79.4531	0
-79.1016	0
-78.75	0
-78.3984	0
-78.0469	0
-77.6953	0
-77.3438	0
-76.9922	0
-76.6406	0
-76.2891	0
-75.9375	0
-75.5859	0
-75.2344	0
-74.8828	0
-74.5313	0
-74.1797	0
-73.8281	0
-73.4766	0
-73.125	0
-72.7734	0
-72.4219	0
-72.0703	0
-71.7188	0
-71.3672	0
-71.0156	0
-70.6641	0
-70.3125	0
-69.9609	0
-69.6094	0
-69.2578	0
-68.9063	0
-68.5547	0
-68.2031	0
-67.8516	0
-67.5	0
-67.1484	0
-66.7969	0
-66.4453	0
-66.0938	0
-65.7422	0
-65.3906	0
-65.0391	0
-64.6875	19.9494
-64.3359	19.6873
-63.9844	19.4327
-63.6328	19.1853
-63.2813	18.9448
-62.9297	18.711
-62.5781	18.4836
-62.2266	18.2623
-61.875	18.0469
-61.5234	17.8372
-61.1719	17.633
-60.8203	17.434
-60.4688	17.2401
-60.1172	17.0512
-59.7656	16.8669
-59.4141	16.6872
-59.0625	16.512
-58.7109	16.3409
-58.3594	16.174
-58.0078	16.0111
-57.6563	15.852
-57.3047	15.6966
-56.9531	15.5448
-56.6016	15.3965
-56.25	15.2515
-55.8984	15.1099
-55.5469	14.9714
-55.1953	14.8359
-54.8438	14.7035
-54.4922	14.5739
-54.1406	14.4471
-53.7891	14.3231
-53.4375	14.2017
-53.0859	14.0828
-52.7344	13.9665
-52.3828	13.8526
-52.0313	13.741
-51.6797	13.6317
-51.3281	13.5247
-50.9766	13.4198
-50.625	13.317
-50.2734	13.2163
-49.9219	13.1176
-49.5703	13.0209
-49.2188	12.926
-48.8672	12.833
-48.5156	12.7418
-48.1641	12.6524
-47.8125	12.5647
-47.4609	12.4786
-47.1094	12.3942
-46.7578	12.3114
-46.4063	12.2301
-46.0547	12.1504
-45.7031	12.0721
-45.3516	11.9953
-45	11.9199
-44.6484	11.8459
-44.2969	11.7733
-43.9453	11.702
-43.5938	11.6319
-43.2422	11.5632
-42.8906	11.4956
-42.5391	11.4293
-42.1875	11.3642
-41.8359	11.3002
-41.4844	11.2374
-41.1328	11.1757
-40.7813	11.115
-40.4297	11.0555
-40.0781	10.997
-39.7266	10.9395
-39.375	10.883
-39.0234	10.8275
-38.6719	10.773
-38.3203	10.7194
-37.9688	10.6667
-37.6172	10.615
-37.2656	10.5641
-36.9141	10.5142
-36.5625	10.4651
-36.2109	10.4168
-35.8594	10.3694
-35.5078	10.3228
-35.1563	10.277
-34.8047	10.232
-34.4531	10.1877
-34.1016	10.1443
-33.75	10.1015
-33.3984	10.0595
-33.0469	10.0182
-32.6953	9.97769
-32.3438	9.93782
-31.9922	9.89865
-31.6406	9.86015
-31.2891	9.82232
-30.9375	9.78514
-30.5859	9.74862
-30.2344	9.71273
-29.8828	9.67746
-29.5313	9.64281
-29.1797	9.60878
-28.8281	9.57533
-28.4766	9.54248
-28.125	9.51021
-27.7734	9.47851
-27.4219	9.44738
-27.0703	9.4168
-26.7188	9.38678
-26.3672	9.35729
-26.0156	9.32834
-25.6641	9.29992
-25.3125	9.27202
-24.9609	9.24463
-24.6094	9.21776
-24.2578	9.19138
-23.9063	9.1655
-23.5547	9.1401
-23.2031	9.11508
-22.8516	9.09065
-22.5	9.06668
-22.1484	9.04319
-21.7969	9.02015
-21.4453	8.99757
-21.0938	8.97543
-20.7422	8.95374
-20.3906	8.9326
-20.0391	8.91178
-19.6875	8.89139
-19.3359	8.87144
-18.9844	3.55176
-18.6328	3.54409
-18.2813	3.53659
-17.9297	8.79579
-17.5781	8.7779
-17.2266	8.76041
-16.875	8.74333
-16.5234	8.72663
-16.1719	8.71033
-15.8203	8.69441
-15.4688	8.67888
-15.1172	4.34038
-14.7656	4.33298
-14.4141	8.63456
-14.0625	8.62053
-13.7109	8.60688
-13.3594	8.59359
-13.0078	8.58066
-12.6563	8.5681
-12.3047	8.55589
-11.9531	8.54404
-11.6016	8.53253
-11.25	8.52138
-10.8984	8.51059
-10.5469	8.50014
-10.1953	8.49003
-9.84375	8.48027
-9.49219	8.47084
-9.14063	8.46176
-8.78906	8.45302
-8.4375	8.44461
-8.08594	8.43653
-7.73438	8.42879
-7.38281	8.42138
-7.03125	8.41429
-6.67969	8.40754
-6.32813	8.40111
-5.97656	8.39501
-5.625	8.38923
-5.27344	3.36394
-4.92188	3.36188
-4.57031	3.40852
-4.21875	4.1929
-3.86719	4.19081
-3.51563	8.36132
-3.16406	8.35779
-2.8125	8.35457
-2.46094	8.35167
-2.10938	8.34909
-1.75781	8.34682
-1.40625	8.34487
-1.05469	8.34323
-0.703125	8.3419
-0.351563	8.3409
0	8.34021
0.351563	8.33982
0.703125	8.33976
1.05469	8.34001
1.40625	8.34057
1.75781	8.34144
2.10938	8.34263
2.46094	8.34414
2.8125	8.34596
3.16406	8.34809
3.51563	8.35054
3.86719	8.35331
4.21875	8.35639
4.57031	8.3598
4.92188	8.36351
5.27344	8.36755
5.625	8.3719
5.97656	8.37658
6.32813	8.38158
6.67969	8.38689
7.03125	8.39254
7.38281	8.3985
7.73438	8.40479
8.08594	8.41141
8.4375	8.41836
8.78906	8.42563
9.14063	8.43323
9.49219	8.44117
9.84375	8.44944
10.1953	8.45804
10.5469	8.46698
10.8984	8.47626
11.25	8.48588
11.6016	8.49584
11.9531	8.50615
12.3047	8.5168
12.6563	8.5278
13.0078	8.53915
13.3594	8.55085
13.7109	8.56291
14.0625	8.57533
14.4141	8.5881
14.7656	8.60124
15.1172	8.61474
15.4688	8.62861
15.8203	8.64286
16.1719	8.65747
16.5234	8.67246
16.875	8.68783
17.2266	8.70358
17.5781	8.71972
17.9297	8.73625
18.2813	8.75318
18.6328	8.77049
18.9844	8.78821
19.3359	8.80634
19.6875	8.82486
20.0391	8.84381
20.3906	8.86317
20.7422	8.88295
21.0938	8.90315
21.4453	8.92378
21.7969	8.94485
22.1484	8.96635
22.5	8.9883
22.8516	9.01069
23.2031	9.03354
23.5547	9.05684
23.9063	9.08061
24.2578	9.10485
24.6094	9.12956
24.9609	9.15475
25.3125	9.18043
25.6641	9.2066
26.0156	9.23327
26.3672	9.26044
26.7188	9.28812
27.0703	9.31632
27.4219	9.34505
27.7734	9.37431
28.125	9.4041
28.4766	9.43445
28.8281	9.46534
29.1797	9.4968
29.5313	9.52883
29.8828	9.56144
30.2344	9.59463
30.5859	9.62842
30.9375	9.66281
31.2891	9.69781
31.6406	9.73344
31.9922	9.76969
32.3438	9.8066
32.6953	9.84415
33.0469	9.88237
33.3984	9.92125
33.75	9.96083
34.1016	10.0011
34.4531	10.0421
34.8047	10.0838
35.1563	10.1262
35.5078	10.1693
35.8594	10.2133
36.2109	10.2579
36.5625	10.3034
36.9141	10.3496
37.2656	10.3967
37.6172	10.4446
37.9688	10.4934
38.3203	10.543
38.6719	10.5935
39.0234	10.6448
39.375	10.6971
39.7266	10.7503
40.0781	10.8044
40.4297	10.8595
40.7813	10.9156
41.1328	10.9726
41.4844	11.0307
41.8359	11.0898
42.1875	11.15
42.5391	11.2113
42.8906	11.2736
43.2422	11.3371
43.5938	11.4018
43.9453	11.4676
44.2969	11.5346
44.6484	11.6028
45	11.6723
45.3516	11.7431
45.7031	11.8152
46.0547	11.8886
46.4063	11.9634
46.7578	12.0396
47.1094	12.1173
47.4609	12.1964
47.8125	12.277
48.1641	12.3592
48.5156	12.4429
48.8672	12.5283
49.2188	12.6153
49.5703	12.704
49.9219	12.7944
50.2734	12.8867
50.625	12.9807
50.9766	13.0767
51.3281	13.1746
51.6797	13.2744
52.0313	13.3763
52.3828	13.4803
52.7344	13.5864
53.0859	13.6947
53.4375	13.8053
53.7891	13.9182
54.1406	14.0335
54.4922	14.1513
54.8438	14.2717
55.1953	14.3946
55.5469	14.5202
55.8984	14.6486
56.25	14.7798
56.6016	14.914
56.9531	15.0512
57.3047	15.1915
57.6563	15.3351
58.0078	15.482
58.3594	15.6323
58.7109	15.7861
59.0625	15.9437
59.4141	16.105
59.7656	16.2702
60.1172	16.4395
60.4688	16.613
60.8203	16.7908
61.1719	16.9731
61.5234	17.16
61.875	17.3518
62.2266	17.5486
62.5781	17.7506
62.9297	17.958
63.2813	18.1709
63.6328	18.3897
63.9844	18.6145
64.3359	18.8456
64.6875	19.0833
65.0391	19.3277
65.3906	19.5792
65.7422	19.8382
66.0938	20.1048
66.4453	0
66.7969	0
67.1484	0
67.5	0
67.8516	0
68.2031	0
68.5547	0
68.9063	0
69.2578	0
69.6094	0
69.9609	0
70.3125	0
70.6641	0
71.0156	0
71.3672	0
71.7188	0
72.0703	0
72.4219	0
72.7734	0
73.125	0
73.4766	0
73.8281	0
74.1797	0
74.5313	0
74.8828	0
75.2344	0
75.5859	0
75.9375	0
76.2891	0
76.6406	0
76.9922	0
77.3438	0
77.6953	0
78.0469	0
78.3984	0
78.75	0
79.1016	0
79.4531	0
79.8047	0
80.1563	0
80.5078	0
80.8594	0
81.2109	0
81.5625	0
81.9141	0
82.2656	0
82.6172	0
82.9688	0
83.3203	0
83.6719	0
84.0234	0
84.375	0
84.7266	0
85.0781	0
85.4297	0
85.7813	0
86.1328	0
86.4844	0
86.8359	0
87.1875	0
87.5391	0
87.8906	0
88.2422	0
88.5938	0
88.9453	0
89.2969	0
89.6484	0
90	0
Laser Data
-90	0
-89.6484	0
-89.2969	0
-88.9453	0
-88.5938	0
-88.2422	0
-87.8906	0
-87.5391	0
-87.1875	0
-86.8359	0
-86.4844	0
-86.1328	0
-85.7813	0
-85.4297	0
-85.0781	0
-84.7266	0
-84.375	0
-84.0234	0
-83.6719	0
-83.3203	0
-82.9688	0
-82.6172	0
-82.2656	0
-81.9141	0
-81.5625	0
-81.2109	0
-80.8594	0
-80.5078	0
-80.1563	0
-79.8047	0
-79.4531	0
-79.1016	0
-78.75	0
-78.3984	0
-78.0469	0
-77.6953	0
-77.3438	0
-76.9922	0
-76.6406	0
-76.2891	0
-75.9375	0
-75.5859	0
-75.2344	0
-74.8828	0
-74.5313	0
-74.1797	0
-73.8281	0
-73.4766	0
-73.125	0
-72.7734	0
-72.4219	0
-72.0703	0
-71.7188	0
-71.3672	0
-71.0156	0
-70.6641	0
-70.3125	0
-69.9609	0
-69.6094	0
-69.2578	0
-68.9063	0
-68.5547	0
-68.2031	0
-67.8516	0
-67.5	0
-67.1484	0
-66.7969	0
-66.4453	0
-66.0938	0
-65.7422	0
-65.3906	0
-65.0391	0
-64.6875	19.9636
-64.3359	19.7011
-63.9844	19.4461
-63.6328	19.1984
-63.2813	18.9576
-62.9297	18.7234
-62.5781	18.4957
-62.2266	18.2741
-61.875	18.0584
-61.5234	17.8485
-61.1719	17.644
-60.8203	17.4448
-60.4688	17.2507
-60.1172	17.0614
-59.7656	16.877
-59.4141	16.6971
-59.0625	16.5216
-58.7109	16.3503
-58.3594	16.1832
-58.0078	16.0201
-57.6563	15.8608
-57.3047	15.7052
-56.9531	15.5532
-56.6016	15.4047
-56.25	15.2596
-55.8984	15.1178
-55.5469	14.9791
-55.1953	14.8435
-54.8438	14.7109
-54.4922	14.5812
-54.1406	14.4543
-53.7891	14.3301
-53.4375	14.2086
-53.0859	14.0896
-52.7344	13.9732
-52.3828	13.8591
-52.0313	13.7474
-51.6797	13.6381
-51.3281	13.5309
-50.9766	13.4259
-50.625	13.3231
-50.2734	13.2222
-49.9219	13.1234
-49.5703	13.0266
-49.2188	12.9316
-48.8672	12.8385
-48.5156	12.7473
-48.1641	12.6577
-47.8125	12.5699
-47.4609	12.4838
-47.1094	12.3993
-46.7578	12.3164
-46.4063	12.2351
-46.0547	12.1552
-45.7031	12.0769
-45.3516	12
-45	11.9246
-44.6484	11.8505
-44.2969	11.7778
-43.9453	11.7064
-43.5938	11.6363
-43.2422	11.5674
-42.8906	11.4999
-42.5391	11.4335
-42.1875	11.3683
-41.8359	11.3043
-41.4844	11.2414
-41.1328	11.1796
-40.7813	11.1189
-40.4297	11.0593
-40.0781	11.0007
-39.7266	10.9432
-39.375	10.8867
-39.0234	10.8311
-38.6719	10.7765
-38.3203	10.7229
-37.9688	10.6702
-37.6172	10.6184
-37.2656	10.5675
-36.9141	10.5175
-36.5625	10.4684
-36.2109	10.4201
-35.8594	10.3726
-35.5078	10.326
-35.1563	10.2801
-34.8047	10.2351
-34.4531	10.1908
-34.1016	10.1473
-33.75	10.1045
-33.3984	10.0624
-33.0469	10.0211
-32.6953	9.98054
-32.3438	9.94064
-31.9922	9.90143
-31.6406	9.8629
-31.2891	9.82504
-30.9375	9.78783
-30.5859	9.75127
-30.2344	9.71534
-29.8828	9.68005
-29.5313	9.64537
-29.1797	9.6113
-28.8281	9.57782
-28.4766	9.54494
-28.125	9.51264
-27.7734	9.48091
-27.4219	9.44975
-27.0703	9.41914
-26.7188	9.38909
-26.3672	9.35958
-26.0156	9.3306
-25.6641	9.30216
-25.3125	9.27423
-24.9609	9.24682
-24.6094	9.21991
-24.2578	9.19351
-23.9063	9.1676
-23.5547	9.14218
-23.2031	9.11714
-22.8516	9.09268
-22.5	9.06869
-22.1484	9.04517
-21.7969	9.02211
-21.4453	8.9995
-21.0938	8.97735
-20.7422	8.95563
-20.3906	8.93446
-20.0391	8.91363
-19.6875	8.89322
-19.3359	8.87324
-18.9844	8.85369
-18.6328	8.83455
-18.2813	8.81583
-17.9297	8.79751
-17.5781	8.7796
-17.2266	8.76209
-16.875	8.74498
-16.5234	8.72827
-16.1719	8.71195
-15.8203	8.69601
-15.4688	8.68047
-15.1172	8.66529
-14.7656	8.6505
-14.4141	8.63609
-14.0625	8.62204
-13.7109	8.60837
-13.3594	8.59506
-13.0078	8.58212
-12.6563	8.56953
-12.3047	8.5573
-11.9531	8.54543
-11.6016	8.53392
-11.25	8.52276
-10.8984	8.51194
-10.5469	8.50147
-10.1953	8.49135
-9.84375	8.48157
-9.49219	8.47213
-9.14063	8.46303
-8.78906	8.45427
-8.4375	8.44584
-8.08594	8.43775
-7.73438	8.42999
-7.38281	8.42257
-7.03125	8.41546
-6.67969	8.40869
-6.32813	8.40225
-5.97656	8.39613
-5.625	8.39034
-5.27344	8.38487
-4.92188	8.37972
-4.57031	8.37489
-4.21875	8.37039
-3.86719	8.36621
-3.51563	8.36234
-3.16406	8.35879
-2.8125	4.53023
-2.46094	4.52865
-2.10938	4.57599
-1.75781	5.35852
-1.40625	8.3458
-1.05469	8.34415
-0.703125	8.34281
-0.351563	8.34179
0	8.34107
0.351563	8.34068
0.703125	8.3406
1.05469	8.34083
1.40625	8.34138
1.75781	8.34224
2.10938	8.34342
2.46094	8.34491
2.8125	8.34672
3.16406	8.34884
3.51563	8.35127
3.86719	8.35402
4.21875	8.3571
4.57031	8.36048
4.92188	8.36418
5.27344	8.3682
5.625	8.37255
5.97656	8.37721
6.32813	8.38219
6.67969	5.38403
7.03125	5.38764
7.38281	8.39908
7.73438	4.55723
8.08594	4.56081
8.4375	8.41888
8.78906	8.42615
9.14063	8.43374
9.49219	8.44166
9.84375	8.44991
10.1953	8.4585
10.5469	8.46743
10.8984	8.47669
11.25	8.4863
11.6016	8.49624
11.9531	8.50653
12.3047	8.51717
12.6563	8.52816
13.0078	8.53949
13.3594	8.55118
13.7109	8.56322
14.0625	8.57562
14.4141	8.58839
14.7656	8.6015
15.1172	8.61499
15.4688	8.62885
15.8203	8.64307
16.1719	8.65767
16.5234	8.67265
16.875	8.688
17.2266	8.70374
17.5781	8.71986
17.9297	8.73638
18.2813	8.75328
18.6328	8.77058
18.9844	8.78829
19.3359	8.80639
19.6875	8.8249
20.0391	8.84383
20.3906	8.86318
20.7422	8.88294
21.0938	8.90312
21.4453	8.92373
21.7969	8.94478
22.1484	8.96627
22.5	8.9882
22.8516	9.01057
23.2031	9.0334
23.5547	9.05669
23.9063	9.08043
24.2578	9.10465
24.6094	9.12934
24.9609	9.15452
25.3125	9.18018
25.6641	9.20632
26.0156	9.23297
26.3672	9.26012
26.7188	9.28779
27.0703	9.31596
27.4219	9.34467
27.7734	9.37391
28.125	9.40368
28.4766	9.434
28.8281	9.46488
29.1797	9.49632
29.5313	9.52831
29.8828	9.56091
30.2344	9.59407
30.5859	9.62784
30.9375	9.6622
31.2891	9.69718
31.6406	9.73278
31.9922	9.76901
32.3438	9.8059
32.6953	9.84342
33.0469	9.88161
33.3984	9.92047
33.75	9.96001
34.1016	10.0002
34.4531	10.0412
34.8047	10.0829
35.1563	10.1252
35.5078	10.1684
35.8594	10.2123
36.2109	10.2569
36.5625	10.3023
36.9141	10.3486
37.2656	10.3956
37.6172	10.4435
37.9688	10.4922
38.3203	10.5417
38.6719	10.5922
39.0234	10.6436
39.375	10.6958
39.7266	10.7489
40.0781	10.803
40.4297	10.8581
40.7813	10.9141
41.1328	10.9711
41.4844	11.0292
41.8359	11.0882
42.1875	11.1484
42.5391	11.2096
42.8906	11.2719
43.2422	11.3353
43.5938	11.3999
43.9453	11.4657
44.2969	11.5327
44.6484	11.6009
45	11.6703
45.3516	11.741
45.7031	11.8131
46.0547	11.8864
46.4063	11.9612
46.7578	12.0373
47.1094	12.1149
47.4609	12.194
47.8125	12.2745
48.1641	12.3566
48.5156	12.4403
48.8672	12.5256
49.2188	12.6125
49.5703	12.7012
49.9219	12.7916
50.2734	12.8837
50.625	12.9777
50.9766	13.0736
51.3281	13.1714
51.6797	13.2712
52.0313	13.373
52.3828	13.4769
52.7344	13.5829
53.0859	13.6911
53.4375	13.8016
53.7891	13.9144
54.1406	14.0296
54.4922	14.1473
54.8438	14.2676
55.1953	14.3904
55.5469	14.5159
55.8984	14.6441
56.25	14.7753
56.6016	14.9093
56.9531	15.0464
57.3047	15.1866
57.6563	15.33
58.0078	15.4767
58.3594	15.6269
58.7109	15.7806
59.0625	15.938
59.4141	16.0991
59.7656	16.2642
60.1172	16.4333
60.4688	16.6066
60.8203	16.7843
61.1719	16.9664
61.5234	17.1531
61.875	17.3447
62.2266	17.5413
62.5781	17.7431
62.9297	17.9502
63.2813	18.1629
63.6328	18.3814
63.9844	18.606
64.3359	18.8368
64.6875	19.0742
65.0391	19.3183
65.3906	19.5696
65.7422	19.8282
66.0938	20.0945
66.4453	0
66.7969	0
67.1484	0
67.5	0
67.8516	0
68.2031	0
68.5547	0
68.9063	0
69.2578	0
69.6094	0
69.9609	0
70.3125	0
70.6641	0
71.0156	0
71.3672	0
71.7188	0
72.0703	0
72.4219	0
72.7734	0
73.125	0
73.4766	0
73.8281	0
74.1797	0
74.5313	0
74.8828	0
75.2344	0
75.5859	0
75.9375	0
76.2891	0
76.6406	0
76.9922	0
77.3438	0
77.6953	0
78.0469	0
78.3984	0
78.75	0
79.1016	0
79.4531	0
79.8047	0
80.1563	0
80.5078	0
80.8594	0
81.2109	0
81.5625	0
81.9141	0
82.2656	0
82.6172	0
82.9688	0
83.3203	0
83.6719	0
84.0234	0
84.375	0
84.7266	0
85.0781	0
85.4297	0
85.7813	0
86.1328	0
86.4844	0
86.8359	0
87.1875	0
87.5391	0
87.8906	0
88.2422	0
88.5938	0
88.9453	0
89.2969	0
89.6484	0
90	0
Laser Data
-90	0
-89.6484	0
-89.2969	0
-88.9453	0
-88.5938	0
-88.2422	0
-87.8906	0
-87.5391	0
-87.1875	0
-86.8359	0
-86.4844	0
-86.1328	0
-85.7813	0
-85.4297	0
-85.0781	0
-84.7266	0
-84.375	0
-84.0234	0
-83.6719	0
-83.3203	0
-82.9688	0
-82.6172	0
-82.2656	0
-81.9141	0
-81.5625	0
-81.2109	0
-80.8594	0
-80.5078	0
-80.1563	0
-79.8047	0
-79.4531	0
-79.1016	0
-78.75	0
-78.3984	0
-78.0469	0
-77.6953	0
-77.3438	0
-76.9922	0
-76.6406	0
-76.2891	0
-75.9375	0
-75.5859	0
-75.2344	0
-74.8828	0
-74.5313	0
-74.1797	0
-73.8281	0
-73.4766	0
-73.125	0
-72.7734	0
-72.4219	0
-72.0703	0
-71.7188	0
-71.3672	0
-71.0156	0
-70.6641	0
-70.3125	0
-69.9609	0
-69.6094	0
-69.2578	0
-68.9063	0
-68.5547	0
-68.2031	0
-67.8516	0
-67.5	0
-67.1484	0
-66.7969	0
-66.4453	0
-66.0938	0
-65.7422	0
-65.3906	0
-65.0391	0
-64.6875	19.9758
-64.3359	19.713
-63.9844	19.4577
-63.6328	19.2097
-63.2813	18.9686
-62.9297	18.7342
-62.5781	18.5062
-62.2266	18.2843
-61.875	18.0684
-61.5234	17.8582
-61.1719	17.6535
-60.8203	17.4541
-60.4688	17.2597
-60.1172	17.0703
-59.7656	16.8857
-59.4141	16.7056
-59.0625	16.5299
-58.7109	16.3585
-58.3594	16.1912
-58.0078	16.0279
-57.6563	15.8684
-57.3047	15.7127
-56.9531	15.5606
-56.6016	15.412
-56.25	15.2667
-55.8984	15.1248
-55.5469	14.986
-55.1953	14.8502
-54.8438	14.7175
-54.4922	14.5877
-54.1406	14.4607
-53.7891	14.3364
-53.4375	14.2147
-53.0859	14.0956
-52.7344	13.9791
-52.3828	13.8649
-52.0313	13.7531
-51.6797	13.6437
-51.3281	13.5364
-50.9766	13.4313
-50.625	13.3284
-50.2734	13.2275
-49.9219	13.1286
-49.5703	13.0317
-49.2188	12.9366
-48.8672	12.8435
-48.5156	12.7521
-48.1641	12.6625
-47.8125	12.5746
-47.4609	12.4884
-47.1094	12.4038
-46.7578	12.3209
-46.4063	12.2395
-46.0547	12.1596
-45.7031	12.0812
-45.3516	12.0043
-45	11.9287
-44.6484	11.8546
-44.2969	11.7818
-43.9453	11.7104
-43.5938	11.6402
-43.2422	11.5713
-42.8906	11.5037
-42.5391	11.4373
-42.1875	11.372
-41.8359	11.3079
-41.4844	11.245
-41.1328	11.1832
-40.7813	11.1225
-40.4297	11.0628
-40.0781	11.0042
-39.7266	10.9466
-39.375	10.89
-39.0234	10.8344
-38.6719	10.7798
-38.3203	10.7261
-37.9688	10.6734
-37.6172	10.6216
-37.2656	10.5706
-36.9141	10.5206
-36.5625	10.4714
-36.2109	10.4231
-35.8594	10.3756
-35.5078	10.3289
-35.1563	10.283
-34.8047	10.2379
-34.4531	10.1936
-34.1016	10.15
-33.75	10.1072
-33.3984	10.0652
-33.0469	10.0238
-32.6953	9.98321
-32.3438	9.94329
-31.9922	9.90404
-31.6406	9.86548
-31.2891	9.82759
-30.9375	9.79035
-30.5859	9.75376
-30.2344	9.71781
-29.8828	9.68249
-29.5313	9.64778
-29.1797	9.61369
-28.8281	9.58018
-28.4766	9.54727
-28.125	9.51495
-27.7734	9.4832
-27.4219	9.45202
-27.0703	9.42139
-26.7188	9.39131
-26.3672	9.36177
-26.0156	9.33278
-25.6641	9.30431
-25.3125	9.27636
-24.9609	9.24892
-24.6094	9.22199
-24.2578	9.19557
-23.9063	9.16964
-23.5547	9.1442
-23.2031	9.11914
-22.8516	9.09466
-22.5	9.07065
-22.1484	9.04711
-21.7969	9.02403
-21.4453	9.0014
-21.0938	8.97923
-20.7422	8.95749
-20.3906	8.9363
-20.0391	8.91545
-19.6875	8.89503
-19.3359	8.87504
-18.9844	8.85546
-18.6328	8.8363
-18.2813	8.81756
-17.9297	8.79923
-17.5781	8.7813
-17.2266	8.76378
-16.875	8.74666
-16.5234	8.72993
-16.1719	8.71359
-15.8203	8.69763
-15.4688	8.68207
-15.1172	8.66688
-14.7656	8.65208
-14.4141	8.63765
-14.0625	8.62359
-13.7109	8.60989
-13.3594	8.59657
-13.0078	8.58361
-12.6563	8.57101
-12.3047	8.55877
-11.9531	8.54689
-11.6016	8.53536
-11.25	8.52418
-10.8984	8.51335
-10.5469	8.50287
-10.1953	8.49273
-9.84375	8.48294
-9.49219	8.47349
-9.14063	8.46438
-8.78906	8.4556
-8.4375	8.44716
-8.08594	8.43906
-7.73438	8.43128
-7.38281	8.42384
-7.03125	8.41673
-6.67969	8.40995
-6.32813	8.40349
-5.97656	8.39736
-5.625	8.39155
-5.27344	8.38607
-4.92188	8.38091
-4.57031	8.37607
-4.21875	8.37155
-3.86719	8.36736
-3.51563	8.36348
-3.16406	8.35992
-2.8125	8.35667
-2.46094	8.35375
-2.10938	8.35113
-1.75781	8.34884
-1.40625	8.34687
-1.05469	8.3452
-0.703125	8.34385
-0.351563	8.34282
0	8.3421
0.351563	8.34169
0.703125	8.3416
1.05469	8.34182
1.40625	8.34236
1.75781	8.34321
2.10938	8.34437
2.46094	8.34585
2.8125	8.34765
3.16406	8.34976
3.51563	8.35218
3.86719	8.35492
4.21875	8.35798
4.57031	8.36136
4.92188	8.36505
5.27344	8.36906
5.625	8.37339
5.97656	8.37804
6.32813	8.38301
6.67969	8.3883
7.03125	8.39392
7.38281	8.39986
7.73438	8.40613
8.08594	8.41271
8.4375	8.41964
8.78906	8.42688
9.14063	8.43446
9.49219	8.44237
9.84375	8.45062
10.1953	8.4592
10.5469	8.46811
10.8984	8.47737
11.25	8.48696
11.6016	8.49689
11.9531	8.50717
12.3047	8.5178
12.6563	8.52877
13.0078	8.54009
13.3594	8.55177
13.7109	8.56381
14.0625	8.57619
14.4141	8.58894
14.7656	8.60205
15.1172	8.61553
15.4688	8.62937
15.8203	8.64358
16.1719	8.65817
16.5234	8.67313
16.875	8.68847
17.2266	8.7042
17.5781	8.72031
17.9297	8.73682
18.2813	8.75371
18.6328	8.771
18.9844	8.78869
19.3359	8.80678
19.6875	8.82529
20.0391	8.84419
20.3906	8.86352
20.7422	8.88327
21.0938	8.90344
21.4453	8.92404
21.7969	8.94508
22.1484	8.96655
22.5	8.98846
22.8516	9.01083
23.2031	9.03364
23.5547	9.05691
23.9063	9.08065
24.2578	5.93138
24.6094	5.94283
24.9609	9.15468
25.3125	9.18033
25.6641	9.20646
26.0156	9.2331
26.3672	9.26023
26.7188	9.28788
27.0703	9.31605
27.4219	9.34473
27.7734	5.21077
28.125	5.1836
28.4766	5.20031
28.8281	9.46487
29.1797	9.49629
29.5313	9.52828
29.8828	9.56084
30.2344	9.594
30.5859	9.62774
30.9375	9.6621
31.2891	6.31227
31.6406	6.33544
31.9922	9.76885
32.3438	9.80571
32.6953	9.84321
33.0469	9.88138
33.3984	9.92022
33.75	9.95975
34.1016	9.99996
34.4531	10.0409
34.8047	10.0825
35.1563	10.1249
35.5078	5.61822
35.8594	5.6291
36.2109	10.2565
36.5625	10.3019
36.9141	10.3481
37.2656	10.3951
37.6172	10.443
37.9688	10.4916
38.3203	10.5412
38.6719	10.5916
39.0234	10.6429
39.375	10.6951
39.7266	10.7483
40.0781	10.8023
40.4297	10.8574
40.7813	10.9133
41.1328	10.9703
41.4844	11.0283
41.8359	11.0874
42.1875	11.1475
42.5391	11.2087
42.8906	11.271
43.2422	11.3344
43.5938	11.3989
43.9453	11.4646
44.2969	11.5316
44.6484	11.5997
45	11.6691
45.3516	11.7398
45.7031	11.8118
46.0547	11.8852
46.4063	11.9599
46.7578	12.036
47.1094	12.1135
47.4609	12.1925
47.8125	12.273
48.1641	12.3551
48.5156	12.4387
48.8672	12.5239
49.2188	12.6108
49.5703	12.6994
49.9219	12.7897
50.2734	12.8819
50.625	12.9758
50.9766	13.0716
51.3281	13.1693
51.6797	13.2691
52.0313	13.3708
52.3828	13.4746
52.7344	13.5806
53.0859	13.6888
53.4375	13.7992
53.7891	13.9119
54.1406	14.0271
54.4922	14.1447
54.8438	14.2648
55.1953	14.3876
55.5469	14.513
55.8984	14.6412
56.25	14.7722
56.6016	14.9061
56.9531	15.0431
57.3047	15.1832
57.6563	15.3265
58.0078	15.4732
58.3594	15.6232
58.7109	15.7768
59.0625	15.9341
59.4141	16.0951
59.7656	16.26
60.1172	16.429
60.4688	16.6022
60.8203	16.7797
61.1719	16.9617
61.5234	17.1483
61.875	17.3397
62.2266	17.5361
62.5781	17.7377
62.9297	17.9447
63.2813	18.1572
63.6328	18.3755
63.9844	18.5999
64.3359	18.8305
64.6875	19.0677
65.0391	19.3116
65.3906	19.5626
65.7422	19.821
66.0938	20.087
66.4453	0
66.7969	0
67.1484	0
67.5	0
67.8516	0
68.2031	0
68.5547	0
68.9063	0
69.2578	0
69.6094	0
69.9609	0
70.3125	0
70.6641	0
71.0156	0
71.3672	0
71.7188	0
72.0703	0
72.4219	0
72.7734	0
73.125	0
73.4766	0
73.8281	0
74.1797	0
74.5313	0
74.8828	0
75.2344	0
75.5859	0
75.9375	0
76.2891	0
76.6406	0
76.9922	0
77.3438	0
77.6953	0
78.0469	0
78.3984	0
78.75	0
79.1016	0
79.4531	0
79.8047	0
80.1563	0
80.5078	0
80.8594	0
81.2109	0
81.5625	0
81.9141	0
82.2656	0
82.6172	0
82.9688	0
83.3203	0
83.6719	0
84.0234	0
84.375	0
84.7266	0
85.0781	0
85.4297	0
85.7813	0
86.1328	0
86.4844	0
86.8359	0
87.1875	0
87.5391	0
87.8906	0
88.2422	0
88.5938	0
88.9453	0
89.2969	0
89.6484	0
90	0
